0.054133
0.054052
0.053583
0.053500
0.054554
0.057761
0.065244
0.078143
0.093174
0.104873
0.112119
0.118254
0.124990
0.129467
0.129702
0.128067
0.125950
0.120994
0.113474
0.107319
0.104836
0.105131
0.105911
0.105490
0.103581
0.100447
0.095504
0.088099
0.080661
0.075663
0.072873
0.070967
0.069261
0.067412
0.065405
0.063566
0.062146
0.060850
0.059610
0.058579
0.057950
0.057643
0.057588
0.057837
0.058294
0.059077
0.060044
0.061295
0.062675
0.064085
0.065549
0.067143
0.069084
0.071385
0.074136
0.077551
0.081871
0.087200
0.092916
0.098377
0.103991
0.111270
0.123659
0.148227
0.193050
0.258714
0.334161
0.409406
0.479921
0.518432
0.501423
0.465349
0.449012
0.448530
0.446634
0.443494
0.443841
0.439358
0.421873
0.394063
0.361925
0.330708
0.303038
0.278317
0.257030
0.241651
0.234480
0.234063
0.233725
0.227465
0.215491
0.201188
0.187291
0.175851
0.167722
0.162700
0.160118
0.159164
0.158877
0.159883
0.162672
0.166440
0.168743
0.167240
0.163233
0.160705
0.161720
0.166500
0.176221
0.191649
0.209983
0.224167
0.225635
0.212702
0.194654
0.182463
0.180640
0.188319
0.201502
0.212558
0.212739
0.200119
0.181546
0.165919
0.156576
0.152319
0.150943
0.150993
0.151783
0.152861
0.153876
0.154634
0.155334
0.156402
0.158127
0.160386
0.162862
0.165556
0.168708
0.172194
0.175391
0.178043
0.180951
0.185394
0.192320
0.202864
0.218794
0.242064
0.273782
0.313001
0.355088
0.390381
0.410689
0.424046
0.450876
0.492608
0.516177
0.496866
0.457616
0.426622
0.409457
0.402492
0.403358
0.411708
0.428460
0.453323
0.483221
0.517166
0.560950
0.624171
0.716809
0.849462
1.033835
1.277172
1.570122
1.866489
2.086790
2.201829
2.243854
2.256935
2.263527
2.259592
2.254792
2.251469
2.250593
2.245363
2.232317
2.202766
2.149661
2.060873
1.938884
1.804484
1.690453
1.623612
1.610189
1.641461
1.694706
1.742374
1.778009
1.807986
1.851339
1.909021
1.988404
2.054217
2.088034
2.095723
2.070787
2.055825
2.058786
2.068840
2.073085
2.033603
1.965591
1.885394
1.829736
1.808616
1.804599
1.799530
1.751525
1.670741
1.583034
1.510370
1.455101
1.405863
1.362351
1.323684
1.293610
