0.082581
0.081901
0.080233
0.078622
0.077726
0.076978
0.076388
0.076371
0.076826
0.076853
0.076235
0.076227
0.078070
0.081535
0.085442
0.089217
0.092592
0.095059
0.096794
0.098965
0.101105
0.101288
0.099575
0.098491
0.098463
0.098144
0.096691
0.094275
0.091689
0.089513
0.087963
0.086625
0.085404
0.084438
0.083521
0.082353
0.080999
0.079749
0.078828
0.077996
0.077139
0.076386
0.075655
0.074889
0.074169
0.073707
0.073519
0.073723
0.074150
0.074875
0.075930
0.077271
0.078860
0.080643
0.083143
0.086807
0.092640
0.103454
0.123399
0.153538
0.187986
0.215659
0.227790
0.227117
0.238198
0.300489
0.436811
0.637940
0.852395
0.970238
0.937767
0.824046
0.677814
0.536832
0.438265
0.387057
0.365363
0.353264
0.330111
0.289196
0.252146
0.242737
0.261734
0.289069
0.304086
0.296249
0.268947
0.241446
0.229508
0.230825
0.233943
0.233324
0.232180
0.231143
0.226983
0.219043
0.210121
0.204442
0.202809
0.203531
0.205016
0.206885
0.208451
0.207465
0.202150
0.194101
0.186848
0.182276
0.179574
0.177225
0.175064
0.173998
0.173797
0.172807
0.170370
0.167625
0.165466
0.163962
0.163515
0.164098
0.164438
0.163358
0.161341
0.159542
0.158432
0.157940
0.157637
0.156896
0.156049
0.156251
0.157766
0.158987
0.158714
0.157836
0.157405
0.157105
0.156821
0.157188
0.158756
0.161420
0.164640
0.168411
0.172652
0.175759
0.176362
0.176169
0.178277
0.184927
0.195554
0.205643
0.212814
0.222604
0.243860
0.280847
0.336736
0.433299
0.611050
0.874270
1.061365
1.047666
1.048425
1.142107
1.219466
1.133298
0.972390
0.879273
0.828434
0.716556
0.573524
0.477970
0.434831
0.419612
0.412080
0.396555
0.370965
0.347523
0.333658
0.331858
0.343781
0.361207
0.374998
0.391095
0.420395
0.466460
0.528763
0.606054
0.698281
0.804365
0.914092
1.005201
1.042553
0.992843
0.892385
0.820413
0.816584
0.881755
1.002206
1.160799
1.329014
1.448364
1.472356
1.437047
1.402668
1.383327
1.352305
1.286659
1.205429
1.134957
1.078806
1.038109
1.019581
1.024806
1.054223
1.109292
1.180962
1.255756
1.327317
1.405995
1.518655
1.682400
1.870387
2.027598
2.101365
2.098395
2.060736
2.000072
1.877516
